{
 "cells": [
  {
   "cell_type": "markdown",
   "metadata": {},
   "source": [
    "## Evaluation of feature importance using mutual information classification."
   ]
  },
  {
   "cell_type": "code",
   "execution_count": 1,
   "metadata": {},
   "outputs": [],
   "source": [
    "from sklearn.feature_selection import mutual_info_classif\n",
    "import pandas as pd\n",
    "import pickle"
   ]
  },
  {
   "cell_type": "code",
   "execution_count": 2,
   "metadata": {},
   "outputs": [],
   "source": [
    "def importanceFeatures(dfTrain, trainLabels):\n",
    "    threshold = 14  # the number of most relevant features\n",
    "    high_score_features = []\n",
    "    feature_scores = mutual_info_classif(dfTrain, trainLabels, random_state=0)\n",
    "    for score, f_name in sorted(zip(feature_scores, dfTrain.columns), reverse=True)[:threshold]:\n",
    "            print(f_name, score)\n",
    "            high_score_features.append(f_name)"
   ]
  },
  {
   "cell_type": "code",
   "execution_count": 3,
   "metadata": {},
   "outputs": [],
   "source": [
    "dfTrain = pd.read_csv(\"train_transformed_allFeat.csv\")\n",
    "dfTrain.drop(dfTrain.columns[[0,1,2]], axis=1, inplace=True)\n",
    "file_to_read= open('training_labels_combined.ob', 'rb')\n",
    "labels = pickle.load(file_to_read)"
   ]
  },
  {
   "cell_type": "code",
   "execution_count": 4,
   "metadata": {},
   "outputs": [
    {
     "name": "stdout",
     "output_type": "stream",
     "text": [
      "path_len 0.6933030800297292\n",
      "aa 0.5685462386871678\n",
      "jc 0.5670446397767921\n",
      "ra 0.5655079786847901\n",
      "hits_B 0.13298910438212053\n",
      "cc_B 0.1317761754863771\n",
      "dc_B 0.13016149368351093\n",
      "hits_A 0.12329186737372\n",
      "dc_A 0.12258308215753755\n",
      "count 0.1201129736690345\n",
      "cc_A 0.11900731873567261\n",
      "pa 0.06982310555296833\n",
      "bet_cB 0.0\n",
      "bet_cA 0.0\n"
     ]
    }
   ],
   "source": [
    "importanceFeatures(dfTrain, labels)"
   ]
  },
  {
   "cell_type": "code",
   "execution_count": 18,
   "metadata": {},
   "outputs": [
    {
     "data": {
      "text/html": [
       "<div>\n",
       "<style scoped>\n",
       "    .dataframe tbody tr th:only-of-type {\n",
       "        vertical-align: middle;\n",
       "    }\n",
       "\n",
       "    .dataframe tbody tr th {\n",
       "        vertical-align: top;\n",
       "    }\n",
       "\n",
       "    .dataframe thead th {\n",
       "        text-align: right;\n",
       "    }\n",
       "</style>\n",
       "<table border=\"1\" class=\"dataframe\">\n",
       "  <thead>\n",
       "    <tr style=\"text-align: right;\">\n",
       "      <th></th>\n",
       "      <th>count</th>\n",
       "      <th>aa</th>\n",
       "      <th>ra</th>\n",
       "      <th>jc</th>\n",
       "      <th>pa</th>\n",
       "      <th>path_len</th>\n",
       "      <th>dc_A</th>\n",
       "      <th>dc_B</th>\n",
       "      <th>cc_A</th>\n",
       "      <th>cc_B</th>\n",
       "      <th>hits_A</th>\n",
       "      <th>hits_B</th>\n",
       "    </tr>\n",
       "  </thead>\n",
       "  <tbody>\n",
       "    <tr>\n",
       "      <th>count</th>\n",
       "      <td>1.000000</td>\n",
       "      <td>0.168952</td>\n",
       "      <td>0.411745</td>\n",
       "      <td>0.163461</td>\n",
       "      <td>0.024820</td>\n",
       "      <td>-0.050205</td>\n",
       "      <td>0.080580</td>\n",
       "      <td>0.101534</td>\n",
       "      <td>0.081157</td>\n",
       "      <td>0.092358</td>\n",
       "      <td>0.005700</td>\n",
       "      <td>0.020577</td>\n",
       "    </tr>\n",
       "    <tr>\n",
       "      <th>aa</th>\n",
       "      <td>0.168952</td>\n",
       "      <td>1.000000</td>\n",
       "      <td>0.809069</td>\n",
       "      <td>0.731926</td>\n",
       "      <td>0.771848</td>\n",
       "      <td>-0.106971</td>\n",
       "      <td>0.653643</td>\n",
       "      <td>0.655505</td>\n",
       "      <td>0.421451</td>\n",
       "      <td>0.426634</td>\n",
       "      <td>0.673641</td>\n",
       "      <td>0.685673</td>\n",
       "    </tr>\n",
       "    <tr>\n",
       "      <th>ra</th>\n",
       "      <td>0.411745</td>\n",
       "      <td>0.809069</td>\n",
       "      <td>1.000000</td>\n",
       "      <td>0.760891</td>\n",
       "      <td>0.450996</td>\n",
       "      <td>-0.131586</td>\n",
       "      <td>0.458907</td>\n",
       "      <td>0.468821</td>\n",
       "      <td>0.309101</td>\n",
       "      <td>0.315957</td>\n",
       "      <td>0.381750</td>\n",
       "      <td>0.394751</td>\n",
       "    </tr>\n",
       "    <tr>\n",
       "      <th>jc</th>\n",
       "      <td>0.163461</td>\n",
       "      <td>0.731926</td>\n",
       "      <td>0.760891</td>\n",
       "      <td>1.000000</td>\n",
       "      <td>0.300821</td>\n",
       "      <td>-0.117414</td>\n",
       "      <td>0.290917</td>\n",
       "      <td>0.282451</td>\n",
       "      <td>0.217872</td>\n",
       "      <td>0.217870</td>\n",
       "      <td>0.301612</td>\n",
       "      <td>0.304720</td>\n",
       "    </tr>\n",
       "    <tr>\n",
       "      <th>pa</th>\n",
       "      <td>0.024820</td>\n",
       "      <td>0.771848</td>\n",
       "      <td>0.450996</td>\n",
       "      <td>0.300821</td>\n",
       "      <td>1.000000</td>\n",
       "      <td>-0.086007</td>\n",
       "      <td>0.690843</td>\n",
       "      <td>0.700336</td>\n",
       "      <td>0.374429</td>\n",
       "      <td>0.381477</td>\n",
       "      <td>0.728252</td>\n",
       "      <td>0.738554</td>\n",
       "    </tr>\n",
       "    <tr>\n",
       "      <th>path_len</th>\n",
       "      <td>-0.050205</td>\n",
       "      <td>-0.106971</td>\n",
       "      <td>-0.131586</td>\n",
       "      <td>-0.117414</td>\n",
       "      <td>-0.086007</td>\n",
       "      <td>1.000000</td>\n",
       "      <td>-0.073558</td>\n",
       "      <td>-0.080792</td>\n",
       "      <td>-0.075225</td>\n",
       "      <td>-0.073527</td>\n",
       "      <td>-0.056801</td>\n",
       "      <td>-0.061794</td>\n",
       "    </tr>\n",
       "    <tr>\n",
       "      <th>dc_A</th>\n",
       "      <td>0.080580</td>\n",
       "      <td>0.653643</td>\n",
       "      <td>0.458907</td>\n",
       "      <td>0.290917</td>\n",
       "      <td>0.690843</td>\n",
       "      <td>-0.073558</td>\n",
       "      <td>1.000000</td>\n",
       "      <td>0.421151</td>\n",
       "      <td>0.488860</td>\n",
       "      <td>0.348117</td>\n",
       "      <td>0.772443</td>\n",
       "      <td>0.460955</td>\n",
       "    </tr>\n",
       "    <tr>\n",
       "      <th>dc_B</th>\n",
       "      <td>0.101534</td>\n",
       "      <td>0.655505</td>\n",
       "      <td>0.468821</td>\n",
       "      <td>0.282451</td>\n",
       "      <td>0.700336</td>\n",
       "      <td>-0.080792</td>\n",
       "      <td>0.421151</td>\n",
       "      <td>1.000000</td>\n",
       "      <td>0.344185</td>\n",
       "      <td>0.476418</td>\n",
       "      <td>0.451114</td>\n",
       "      <td>0.769387</td>\n",
       "    </tr>\n",
       "    <tr>\n",
       "      <th>cc_A</th>\n",
       "      <td>0.081157</td>\n",
       "      <td>0.421451</td>\n",
       "      <td>0.309101</td>\n",
       "      <td>0.217872</td>\n",
       "      <td>0.374429</td>\n",
       "      <td>-0.075225</td>\n",
       "      <td>0.488860</td>\n",
       "      <td>0.344185</td>\n",
       "      <td>1.000000</td>\n",
       "      <td>0.376447</td>\n",
       "      <td>0.492018</td>\n",
       "      <td>0.306011</td>\n",
       "    </tr>\n",
       "    <tr>\n",
       "      <th>cc_B</th>\n",
       "      <td>0.092358</td>\n",
       "      <td>0.426634</td>\n",
       "      <td>0.315957</td>\n",
       "      <td>0.217870</td>\n",
       "      <td>0.381477</td>\n",
       "      <td>-0.073527</td>\n",
       "      <td>0.348117</td>\n",
       "      <td>0.476418</td>\n",
       "      <td>0.376447</td>\n",
       "      <td>1.000000</td>\n",
       "      <td>0.305080</td>\n",
       "      <td>0.489365</td>\n",
       "    </tr>\n",
       "    <tr>\n",
       "      <th>hits_A</th>\n",
       "      <td>0.005700</td>\n",
       "      <td>0.673641</td>\n",
       "      <td>0.381750</td>\n",
       "      <td>0.301612</td>\n",
       "      <td>0.728252</td>\n",
       "      <td>-0.056801</td>\n",
       "      <td>0.772443</td>\n",
       "      <td>0.451114</td>\n",
       "      <td>0.492018</td>\n",
       "      <td>0.305080</td>\n",
       "      <td>1.000000</td>\n",
       "      <td>0.542579</td>\n",
       "    </tr>\n",
       "    <tr>\n",
       "      <th>hits_B</th>\n",
       "      <td>0.020577</td>\n",
       "      <td>0.685673</td>\n",
       "      <td>0.394751</td>\n",
       "      <td>0.304720</td>\n",
       "      <td>0.738554</td>\n",
       "      <td>-0.061794</td>\n",
       "      <td>0.460955</td>\n",
       "      <td>0.769387</td>\n",
       "      <td>0.306011</td>\n",
       "      <td>0.489365</td>\n",
       "      <td>0.542579</td>\n",
       "      <td>1.000000</td>\n",
       "    </tr>\n",
       "  </tbody>\n",
       "</table>\n",
       "</div>"
      ],
      "text/plain": [
       "             count        aa        ra        jc        pa  path_len  \\\n",
       "count     1.000000  0.168952  0.411745  0.163461  0.024820 -0.050205   \n",
       "aa        0.168952  1.000000  0.809069  0.731926  0.771848 -0.106971   \n",
       "ra        0.411745  0.809069  1.000000  0.760891  0.450996 -0.131586   \n",
       "jc        0.163461  0.731926  0.760891  1.000000  0.300821 -0.117414   \n",
       "pa        0.024820  0.771848  0.450996  0.300821  1.000000 -0.086007   \n",
       "path_len -0.050205 -0.106971 -0.131586 -0.117414 -0.086007  1.000000   \n",
       "dc_A      0.080580  0.653643  0.458907  0.290917  0.690843 -0.073558   \n",
       "dc_B      0.101534  0.655505  0.468821  0.282451  0.700336 -0.080792   \n",
       "cc_A      0.081157  0.421451  0.309101  0.217872  0.374429 -0.075225   \n",
       "cc_B      0.092358  0.426634  0.315957  0.217870  0.381477 -0.073527   \n",
       "hits_A    0.005700  0.673641  0.381750  0.301612  0.728252 -0.056801   \n",
       "hits_B    0.020577  0.685673  0.394751  0.304720  0.738554 -0.061794   \n",
       "\n",
       "              dc_A      dc_B      cc_A      cc_B    hits_A    hits_B  \n",
       "count     0.080580  0.101534  0.081157  0.092358  0.005700  0.020577  \n",
       "aa        0.653643  0.655505  0.421451  0.426634  0.673641  0.685673  \n",
       "ra        0.458907  0.468821  0.309101  0.315957  0.381750  0.394751  \n",
       "jc        0.290917  0.282451  0.217872  0.217870  0.301612  0.304720  \n",
       "pa        0.690843  0.700336  0.374429  0.381477  0.728252  0.738554  \n",
       "path_len -0.073558 -0.080792 -0.075225 -0.073527 -0.056801 -0.061794  \n",
       "dc_A      1.000000  0.421151  0.488860  0.348117  0.772443  0.460955  \n",
       "dc_B      0.421151  1.000000  0.344185  0.476418  0.451114  0.769387  \n",
       "cc_A      0.488860  0.344185  1.000000  0.376447  0.492018  0.306011  \n",
       "cc_B      0.348117  0.476418  0.376447  1.000000  0.305080  0.489365  \n",
       "hits_A    0.772443  0.451114  0.492018  0.305080  1.000000  0.542579  \n",
       "hits_B    0.460955  0.769387  0.306011  0.489365  0.542579  1.000000  "
      ]
     },
     "execution_count": 18,
     "metadata": {},
     "output_type": "execute_result"
    }
   ],
   "source": [
    "dfTrain.corr() # to find if featuers are correlated and thus can be dropped without drop in accuracy."
   ]
  }
 ],
 "metadata": {
  "kernelspec": {
   "display_name": "Python 3",
   "language": "python",
   "name": "python3"
  },
  "language_info": {
   "codemirror_mode": {
    "name": "ipython",
    "version": 3
   },
   "file_extension": ".py",
   "mimetype": "text/x-python",
   "name": "python",
   "nbconvert_exporter": "python",
   "pygments_lexer": "ipython3",
   "version": "3.8.5"
  }
 },
 "nbformat": 4,
 "nbformat_minor": 4
}
